30.6 69.3 62.4 67.0 60
31.6 44.2 48.3 77.2 0
32.1 89.8 85.2 90.2 90
33.4 42.2 73.8 94.6 0
33.5 92.4 89.8 90.4 90
33.6 52.9 75.5 62.9 60
33.7 74.9 94.2 77.5 70
34.3 50.4 50.6 87.2 0
34.7 63.4 63.9 68.0 60
36.4 54.8 51.8 65.6 0
36.5 49.6 56.0 60.1 0
37.0 96.7 67.1 68.5 60
37.3 41.4 73.1 64.4 0
37.4 77.2 87.7 76.3 70
37.5 92.9 43.6 62.7 0
37.7 67.9 68.7 61.9 60
37.9 47.3 57.2 62.3 0
38.7 78.7 80.7 86.0 80
39.1 78.0 69.5 60.9 60
39.6 49.1 68.3 78.6 0
39.8 50.8 41.7 86.8 0
40.2 81.6 83.7 88.0 90
40.5 67.4 45.3 74.3 0
41.2 55.2 91.1 80.6 80
41.3 61.4 66.6 62.6 60
41.6 62.1 74.8 68.7 60
42.0 40.0 53.0 64.5 0
42.2 86.3 86.5 98.5 90
42.9 49.8 73.4 66.8 0
43.1 91.8 95.0 69.6 70
43.5 73.2 94.3 85.9 80
43.9 91.1 42.8 57.1 0
44.1 80.7 69.7 71.4 70
44.4 94.0 41.9 61.8 0
45.2 60.9 87.0 98.0 80
45.4 89.3 95.7 95.7 90
46.0 60.5 79.8 71.7 70
46.4 61.8 51.6 43.7 0
46.6 55.6 61.8 60.2 60
48.2 58.1 88.0 93.4 80
48.5 42.1 79.5 79.3 0
48.7 53.7 55.9 55.5 0
48.9 48.5 73.6 64.6 0
50.6 58.0 70.7 87.3 70
50.8 65.6 64.0 65.4 60
51.3 94.7 40.1 76.6 0
52.1 51.1 83.0 84.8 70
52.3 81.4 88.8 78.7 80
52.5 67.1 87.3 72.0 60
52.7 81.7 98.9 65.2 60
52.9 77.1 56.8 68.1 60
53.3 91.7 81.1 83.7 90
53.4 57.4 55.8 68.4 60
54.3 51.4 67.4 69.5 60
54.9 61.0 99.3 82.5 70
55.7 90.4 64.1 80.0 70
55.8 67.0 94.5 85.9 80
55.9 87.1 80.4 95.0 90
56.8 97.5 78.2 72.1 70
57.1 81.9 68.4 72.3 70
58.8 57.6 78.0 68.2 60
59.2 53.8 83.8 85.7 60
59.5 95.7 60.7 64.1 70
59.8 58.7 56.3 57.6 0
60.1 47.1 67.7 69.9 0
61.7 64.5 89.6 74.5 70
62.2 42.4 64.7 86.2 0
62.3 66.0 66.0 83.0 60
63.1 69.2 40.0 89.7 0
64.0 94.1 51.2 53.4 0
64.1 40.3 95.3 62.8 0
64.3 76.5 73.3 85.2 70
64.9 50.7 41.1 79.9 0
65.1 78.9 85.9 83.6 80
65.2 57.2 60.3 70.9 60
65.3 96.5 74.2 91.2 80
65.7 45.1 46.8 68.7 0
66.0 75.0 77.6 80.7 80
66.6 98.5 82.1 86.9 90
66.9 88.8 75.7 61.7 70
67.4 56.4 98.1 81.3 80
67.6 99.4 99.2 70.4 80
67.7 72.8 98.7 67.2 70
67.9 69.6 46.9 90.7 0
68.4 60.8 47.6 66.3 0
68.7 55.5 87.6 73.3 70
69.1 42.3 50.0 79.5 0
69.2 98.4 45.8 83.2 0
69.5 52.5 71.5 62.3 60
70.0 78.2 83.9 88.9 80
70.2 80.5 88.6 93.1 90
70.3 86.0 64.5 84.4 70
70.5 90.8 48.6 69.8 0
70.7 77.7 64.2 79.4 70
70.9 90.5 43.2 49.1 0
71.7 71.1 90.5 70.2 70
73.9 45.9 61.2 46.6 0
74.7 58.5 92.0 69.2 70
75.7 73.5 60.9 82.9 70
76.6 60.0 65.6 80.9 70
77.0 81.3 41.2 51.4 0
77.6 83.6 97.1 88.2 90
77.7 40.1 80.5 42.2 0
77.9 47.7 90.2 65.3 0
78.0 53.0 44.6 51.5 0
78.7 49.5 79.3 60.9 0
78.8 61.7 67.8 80.2 70
78.9 74.1 77.3 88.2 70
79.3 75.4 81.0 89.0 80
79.7 44.1 80.0 62.0 0
79.8 94.8 84.9 84.7 90
79.9 61.2 60.7 61.8 60
80.4 55.9 41.4 46.2 0
80.5 67.5 88.5 72.8 70
80.6 49.2 70.6 52.4 0
81.2 46.9 59.0 58.5 0
81.7 69.7 87.5 76.0 70
82.3 84.0 76.5 82.8 80
82.6 82.5 41.3 61.9 0
83.0 87.3 64.0 77.7 60
83.8 52.1 65.4 66.7 60
84.0 68.2 72.2 78.1 70
84.3 66.6 65.9 75.2 60
84.7 92.8 92.5 72.9 80
86.2 80.1 45.9 65.8 0
87.2 45.7 65.3 46.8 0
87.5 73.7 94.8 79.1 80
87.6 70.8 74.5 67.4 70
88.2 90.1 59.8 63.8 60
88.9 81.0 58.2 62.6 60
89.6 51.6 71.9 70.3 60
89.7 66.2 82.9 82.4 70
89.8 57.5 71.3 63.2 60
90.2 90.7 63.8 65.6 60
90.3 79.2 43.9 44.0 0
91.2 86.6 66.6 82.7 70
91.7 92.0 40.3 57.0 0
91.9 69.0 80.3 74.9 70
92.4 88.6 81.9 97.0 90
92.5 85.7 86.1 83.1 80
93.0 66.8 86.8 86.1 70
93.1 96.9 66.4 70.1 70
94.5 96.3 78.4 69.4 60
94.9 61.9 99.8 76.2 70
95.1 40.6 42.4 71.5 0
95.5 52.7 81.2 78.2 0
95.9 67.7 83.3 72.2 0
97.4 61.5 81.3 96.3 0
97.7 88.9 76.6 93.0 0
98.1 54.6 57.3 92.2 0